12 24
15848
32767
32767
15575
27083
16783
32767
899
32767
8969
15710
32767
32767
17274
32348
16780
13085
0
0
32767
21457
32767
21180
21487
32767
32767
27254
2863
29202
15127
32767
15310
32767
32767
17849
32767
32767
0
32767
29230
0
14126
14918
21504
32767
684
0
32767
0
32767
0
1151
32767
32767
24081
25619
32767
32767
18154
0
32767
32767
0
32767
10458
4459
5355
32767
0
32767
8657
26624
18763
32767
32767
24704
0
32767
0
17421
0
32767
32361
10929
17011
25931
8635
9002
26113
32767
0
32766
32767
13419
24795
10996
31039
15522
7657
0
25626
15444
32767
0
32767
23659
32767
0
5480
32767
32456
23075
31322
0
28788
32767
4614
17787
32767
0
32767
0
32767
32124
0
27164
32767
0
32767
0
32767
28571
11910
32767
32767
14594
15836
26371
32767
4168
32767
1940
0
0
32767
0
29402
32767
0
28307
32767
32767
0
24292
0
32767
1449
32767
0
32767
30419
19893
32767
0
3920
24787
0
6582
26466
32767
0
2849
32767
0
15208
32767
2775
32767
32767
32767
7237
30333
32522
30568
25301
22384
28160
12964
0
0
2256
32767
32767
3130
0
7180
31118
0
0
32767
32767
8341
0
25421
32767
0
32767
8869
32767
0
0
1093
8422
1229
32767
29480
0
0
25530
313
32767
30922
12776
18843
32544
0
18475
0
32767
28884
18009
32767
0
0
4378
32767
31161
16225
32767
32767
32767
0
32767
9563
8791
32767
16317
25101
12930
32767
8708
32767
32767
32767
0
32767
0
30336
32767
32767
32767
26448
0
32767
0
24035
0
21143
26022
32767
32767
4697
0
26016
22077
11333
24448
30555
0
0
32767
32767
32767
19320
0
32767
32767
24112
