16 28
148
199
160
164
157
199
189
34
211
137
82
131
247
219
213
118
200
98
175
163
63
68
15
35
111
122
42
106
154
59
86
94
129
93
188
83
111
97
46
175
60
76
202
242
171
234
218
123
197
84
117
137
245
217
125
167
51
205
141
136
196
162
18
73
45
188
8
51
152
177
128
220
235
33
243
157
162
24
159
185
148
21
133
239
185
35
245
245
43
205
104
151
113
200
255
203
238
242
23
64
184
151
12
24
133
157
42
43
33
144
2
146
121
119
173
133
186
195
235
204
132
125
60
153
35
238
216
30
201
29
184
22
124
168
186
107
235
198
53
171
187
85
188
229
209
195
162
69
203
93
136
80
80
40
246
37
22
239
142
112
188
98
32
186
45
141
242
239
92
199
156
122
35
96
166
252
1
183
216
243
108
30
69
217
224
163
31
31
122
150
8
175
139
3
24
116
184
211
110
75
247
117
80
113
3
77
131
235
188
200
139
28
100
255
11
225
175
72
199
214
11
27
170
255
6
170
34
166
159
23
174
229
221
7
62
61
116
36
218
198
206
50
3
233
73
168
232
9
1
1
40
13
209
155
250
205
246
61
73
217
62
14
171
205
247
237
30
197
216
178
209
214
114
10
116
51
29
31
178
129
138
190
140
161
22
217
114
39
208
188
13
49
4
69
25
181
133
250
191
156
130
13
17
157
1
10
56
226
117
181
105
44
95
23
197
46
96
250
151
117
139
200
65
162
223
146
114
37
63
242
138
77
107
147
137
179
65
166
113
240
40
38
118
130
176
103
233
121
33
30
249
34
242
71
23
78
157
109
201
156
102
162
248
105
39
104
215
55
242
150
154
81
235
9
76
107
122
121
37
57
24
146
89
144
150
179
140
165
150
167
157
80
63
201
87
140
50
110
135
160
134
92
246
131
206
188
142
226
32
235
217
128
187
133
68
204
62
80
132
214
98
126
10
29
14
18
222
215
210
14
19
71
144
85
124
44
187
80
17
190
231
3
111
211
180
219
106
95
