10 23
59
219
113
1
243
131
67
173
135
7
194
102
179
229
156
171
65
60
106
218
134
89
199
218
231
76
181
151
114
101
29
70
140
226
221
48
173
21
172
87
115
183
108
206
136
255
163
75
198
104
136
35
30
147
47
255
219
179
188
152
15
100
126
234
56
127
88
34
26
93
21
17
89
51
142
4
77
116
246
162
225
87
115
107
227
245
246
192
128
138
251
72
88
229
98
60
143
83
228
232
78
135
251
190
55
151
158
167
6
76
218
61
76
82
45
39
88
223
0
72
15
143
64
202
149
200
162
112
220
121
243
254
150
172
65
208
171
231
68
201
120
47
43
143
81
26
109
167
81
244
199
131
239
110
35
9
240
245
189
26
75
10
13
62
146
16
252
116
67
132
202
80
12
13
218
28
162
98
199
15
229
178
115
52
250
77
125
100
59
106
38
0
74
28
106
220
41
0
28
130
70
125
7
85
104
110
141
199
119
215
135
66
58
82
152
62
234
122
220
174
85
58
190
84
63
238
123
12
126
117
