14 11
31140
24790
32767
0
0
0
21627
0
11238
0
0
32029
1126
18037
32767
24421
0
0
0
32767
32767
0
0
0
0
0
24992
27012
32767
28153
7618
32767
2110
32767
0
32767
0
0
16642
0
0
11818
0
32767
32767
21945
0
32767
9868
4312
32767
0
0
7018
22402
0
27726
32767
6301
0
0
32767
32767
15010
32767
4412
0
12451
16431
0
0
32767
0
0
0
32767
16762
9283
32767
0
18033
32767
32767
15731
15899
199
0
23397
32767
21055
0
10081
32767
0
9515
32767
2124
32767
32767
21679
0
0
26507
32767
12940
0
32767
0
9581
16717
32767
24810
32117
32767
0
0
0
16503
9931
0
14987
32767
2718
30079
13563
0
22277
32767
0
0
14611
32767
0
0
0
31127
0
31029
0
0
9835
12032
6151
32767
0
0
32767
0
0
30064
8255
32767
19197
28980
