18 15
5
93
211
2
229
138
35
77
141
80
27
170
172
30
71
62
168
186
186
240
196
82
27
157
234
249
58
60
9
36
142
139
94
79
212
117
206
246
81
51
243
162
74
159
131
231
65
253
239
46
42
136
11
76
111
248
254
38
228
23
191
216
228
57
228
29
132
120
80
5
197
85
169
105
95
226
24
188
191
97
67
1
239
242
61
8
31
17
212
228
39
191
45
94
153
184
223
11
50
71
79
255
199
82
248
127
128
111
36
239
3
44
58
71
33
4
173
248
31
75
129
237
177
196
148
106
51
221
205
6
183
21
189
211
33
111
31
145
237
20
101
249
77
33
125
130
169
80
244
133
73
245
236
127
6
152
142
37
162
215
27
185
35
191
107
1
247
42
152
46
238
189
205
110
119
162
200
216
4
169
27
73
212
64
203
118
59
85
135
195
155
238
222
192
154
74
105
30
95
237
109
29
166
246
222
70
116
135
63
68
60
254
190
215
209
245
26
225
17
121
152
91
37
49
211
81
79
236
36
234
235
153
42
39
72
147
39
116
29
138
5
181
14
49
44
212
13
109
151
132
174
205
100
212
81
252
129
188
224
202
217
137
11
126
46
227
60
58
63
164
