6 23
0
25536
23942
0
25103
1360
0
21380
32767
0
5451
12198
7151
9751
2718
2379
0
0
0
0
32767
32767
0
0
0
0
30470
3184
0
5206
16041
9629
12165
0
32767
0
0
32002
21687
9080
0
32767
16586
11421
0
0
0
26679
19567
0
0
0
0
0
19486
4848
6892
10249
32767
0
15580
30084
0
28301
0
0
0
15210
0
0
16106
0
16273
21420
32767
0
11261
32767
0
20112
0
18174
18939
4771
8115
19739
0
30365
0
32767
14570
0
17789
5637
0
16298
0
0
0
17440
24309
32767
0
19309
0
32767
0
19349
19300
8446
30208
0
0
0
0
8283
31244
27082
17194
0
28964
0
0
0
4578
32767
0
22548
0
15308
32767
14049
0
10234
20863
32767
17803
1830
