10 27
167
112
110
219
22
178
51
24
134
249
188
194
183
201
131
32
214
115
128
94
46
237
200
164
103
210
139
113
115
58
23
141
227
16
219
211
70
161
42
194
179
90
17
248
114
228
173
199
194
49
93
119
127
11
139
39
190
174
236
190
93
247
105
83
231
94
19
120
203
48
118
33
175
121
84
58
144
171
240
111
41
213
161
179
24
79
196
213
111
206
215
99
229
73
61
174
163
35
213
51
206
1
203
201
199
170
120
180
70
199
142
117
129
145
9
35
62
29
112
171
167
120
218
144
20
195
147
162
144
141
23
143
203
77
154
7
88
111
251
54
70
104
254
218
8
59
210
14
219
72
234
75
111
169
32
142
129
200
255
170
104
104
106
208
82
42
85
5
27
23
197
184
178
118
183
41
230
128
240
38
127
178
126
114
42
97
61
77
175
161
155
92
245
22
87
30
86
246
93
232
126
179
117
68
195
248
67
199
66
183
201
115
188
69
20
24
114
231
32
116
180
51
184
78
207
148
140
45
118
219
4
194
126
184
169
110
79
160
35
149
24
166
160
21
193
106
201
10
45
126
48
84
169
36
173
26
44
150
203
43
76
236
253
148
114
88
156
151
75
5
