8 24
53
193
134
119
41
182
42
106
214
235
253
245
142
51
214
205
253
166
36
128
114
215
100
84
20
213
193
10
111
122
120
235
38
78
46
62
232
240
11
161
59
49
74
49
125
254
150
185
126
3
21
68
62
215
215
218
163
142
166
104
171
203
195
157
14
185
93
190
138
225
86
238
216
84
123
136
196
176
218
94
129
110
232
78
150
30
217
98
87
149
127
217
136
132
26
5
102
255
234
161
161
100
45
2
86
81
49
66
6
155
237
176
114
107
78
36
153
145
1
106
71
43
179
134
162
182
251
205
158
225
122
252
194
166
231
131
184
72
246
159
200
117
221
18
29
129
187
207
112
166
141
246
167
106
248
27
252
39
73
210
187
248
191
163
88
1
31
76
10
130
198
246
125
224
252
220
119
83
250
61
105
18
203
166
21
56
142
138
205
68
236
113
