28 28
7590
7705
7820
7935
8050
8165
8280
8395
8510
8625
8740
8855
8970
9085
9200
9315
9430
9545
9660
9775
9890
10005
10120
10235
10350
10465
10580
10695
11270
11385
11500
11615
11730
11845
11960
12075
12190
12305
12420
12535
12650
12765
12880
12995
13110
13225
13340
13455
13570
13685
13800
13915
14030
14145
14260
14375
14950
15065
15180
15295
15410
15525
15640
15755
15870
15985
16100
16215
16330
16445
16560
16675
16790
16905
17020
17135
17250
17365
17480
17595
17710
17825
17940
18055
18630
18745
18860
18975
19090
19205
19320
19435
19550
19665
19780
19895
20010
20125
20240
20355
20470
20585
20700
20815
20930
21045
21160
21275
21390
21505
21620
21735
0
0
0
0
0
0
0
0
0
0
0
0
0
0
0
0
0
0
0
0
0
0
0
0
0
0
0
0
27270
27385
27500
27615
27730
27845
27960
28075
28190
28305
28420
28535
28650
28765
28880
28995
29110
29225
29340
29455
29570
29685
29800
29915
30030
30145
30260
30375
0
0
0
0
0
0
0
0
0
0
100
215
330
445
560
675
790
905
1020
1135
1250
1365
1480
1595
1710
1825
1940
2055
32767
32767
32767
32767
32767
32767
32767
32767
32767
32767
32767
32767
32767
32767
32767
32767
32767
32767
32767
32767
32767
32767
32767
32767
32767
32767
32767
32767
7590
7705
7820
7935
8050
8165
8280
8395
8510
8625
8740
8855
8970
9085
9200
9315
9430
9545
9660
9775
9890
10005
10120
10235
10350
10465
10580
10695
11270
11385
11500
11615
11730
11845
11960
12075
12190
12305
12420
12535
12650
12765
12880
12995
13110
13225
13340
13455
13570
13685
13800
13915
14030
14145
14260
14375
14950
15065
15180
15295
15410
15525
15640
15755
15870
15985
16100
16215
16330
16445
16560
16675
16790
16905
17020
17135
17250
17365
17480
17595
17710
17825
17940
18055
18630
18745
18860
18975
19090
19205
19320
19435
19550
19665
19780
19895
20010
20125
20240
20355
20470
20585
20700
20815
20930
21045
21160
21275
21390
21505
21620
21735
0
0
0
0
0
0
0
0
0
0
0
0
0
0
0
0
0
0
0
0
0
0
0
0
0
0
0
0
27270
27385
27500
27615
27730
27845
27960
28075
28190
28305
28420
28535
28650
28765
28880
28995
29110
29225
29340
29455
29570
29685
29800
29915
30030
30145
30260
30375
0
0
0
0
0
0
0
0
0
0
100
215
330
445
560
675
790
905
1020
1135
1250
1365
1480
1595
1710
1825
1940
2055
32767
32767
32767
32767
32767
32767
32767
32767
32767
32767
32767
32767
32767
32767
32767
32767
32767
32767
32767
32767
32767
32767
32767
32767
32767
32767
32767
32767
7590
7705
7820
7935
8050
8165
8280
8395
8510
8625
8740
8855
8970
9085
9200
9315
9430
9545
9660
9775
9890
10005
10120
10235
10350
10465
10580
10695
11270
11385
11500
11615
11730
11845
11960
12075
12190
12305
12420
12535
12650
12765
12880
12995
13110
13225
13340
13455
13570
13685
13800
13915
14030
14145
14260
14375
14950
15065
15180
15295
15410
15525
15640
15755
15870
15985
16100
16215
16330
16445
16560
16675
16790
16905
17020
17135
17250
17365
17480
17595
17710
17825
17940
18055
18630
18745
18860
18975
19090
19205
19320
19435
19550
19665
19780
19895
20010
20125
20240
20355
20470
20585
20700
20815
20930
21045
21160
21275
21390
21505
21620
21735
0
0
0
0
0
0
0
0
0
0
0
0
0
0
0
0
0
0
0
0
0
0
0
0
0
0
0
0
27270
27385
27500
27615
27730
27845
27960
28075
28190
28305
28420
28535
28650
28765
28880
28995
29110
29225
29340
29455
29570
29685
29800
29915
30030
30145
30260
30375
0
0
0
0
0
0
0
0
0
0
100
215
330
445
560
675
790
905
1020
1135
1250
1365
1480
1595
1710
1825
1940
2055
32767
32767
32767
32767
32767
32767
32767
32767
32767
32767
32767
32767
32767
32767
32767
32767
32767
32767
32767
32767
32767
32767
32767
32767
32767
32767
32767
32767
7590
7705
7820
7935
8050
8165
8280
8395
8510
8625
8740
8855
8970
9085
9200
9315
9430
9545
9660
9775
9890
10005
10120
10235
10350
10465
10580
10695
11270
11385
11500
11615
11730
11845
11960
12075
12190
12305
12420
12535
12650
12765
12880
12995
13110
13225
13340
13455
13570
13685
13800
13915
14030
14145
14260
14375
14950
15065
15180
15295
15410
15525
15640
15755
15870
15985
16100
16215
16330
16445
16560
16675
16790
16905
17020
17135
17250
17365
17480
17595
17710
17825
17940
18055
18630
18745
18860
18975
19090
19205
19320
19435
19550
19665
19780
19895
20010
20125
20240
20355
20470
20585
20700
20815
20930
21045
21160
21275
21390
21505
21620
21735
