28 28
4950
5025
5100
5175
5250
5325
5400
5475
5550
5625
5700
5775
5850
5925
6000
6075
6150
6225
6300
6375
6450
6525
6600
6675
6750
6825
6900
6975
7350
7425
7500
7575
7650
7725
7800
7875
7950
8025
8100
8175
8250
8325
8400
8475
8550
8625
8700
8775
8850
8925
9000
9075
9150
9225
9300
9375
9750
9825
9900
9975
10050
10125
10200
10275
10350
10425
10500
10575
10650
10725
10800
10875
10950
11025
11100
11175
11250
11325
11400
11475
11550
11625
11700
11775
12150
12225
12300
12375
12450
12525
12600
12675
12750
12825
12900
12975
13050
13125
13200
13275
13350
13425
13500
13575
13650
13725
13800
13875
13950
14025
14100
14175
10710
10785
10860
10935
11010
11085
11160
11235
11310
11385
11460
11535
11610
11685
11760
11835
11910
11985
12060
12135
12210
12285
12360
12435
12510
12585
12660
12735
9270
9345
9420
9495
9570
9645
9720
9795
9870
9945
10020
10095
10170
10245
10320
10395
10470
10545
10620
10695
10770
10845
10920
10995
11070
11145
11220
11295
7830
7905
7980
8055
8130
8205
8280
8355
8430
8505
8580
8655
8730
8805
8880
8955
9030
9105
9180
9255
9330
9405
9480
9555
9630
9705
9780
9855
6390
6465
6540
6615
6690
6765
6840
6915
6990
7065
7140
7215
7290
7365
7440
7515
7590
7665
7740
7815
7890
7965
8040
8115
8190
8265
8340
8415
4950
5025
5100
5175
5250
5325
5400
5475
5550
5625
5700
5775
5850
5925
6000
6075
6150
6225
6300
6375
6450
6525
6600
6675
6750
6825
6900
6975
7350
7425
7500
7575
7650
7725
7800
7875
7950
8025
8100
8175
8250
8325
8400
8475
8550
8625
8700
8775
8850
8925
9000
9075
9150
9225
9300
9375
9750
9825
9900
9975
10050
10125
10200
10275
10350
10425
10500
10575
10650
10725
10800
10875
10950
11025
11100
11175
11250
11325
11400
11475
11550
11625
11700
11775
12150
12225
12300
12375
12450
12525
12600
12675
12750
12825
12900
12975
13050
13125
13200
13275
13350
13425
13500
13575
13650
13725
13800
13875
13950
14025
14100
14175
10710
10785
10860
10935
11010
11085
11160
11235
11310
11385
11460
11535
11610
11685
11760
11835
11910
11985
12060
12135
12210
12285
12360
12435
12510
12585
12660
12735
9270
9345
9420
9495
9570
9645
9720
9795
9870
9945
10020
10095
10170
10245
10320
10395
10470
10545
10620
10695
10770
10845
10920
10995
11070
11145
11220
11295
7830
7905
7980
8055
8130
8205
8280
8355
8430
8505
8580
8655
8730
8805
8880
8955
9030
9105
9180
9255
9330
9405
9480
9555
9630
9705
9780
9855
6390
6465
6540
6615
6690
6765
6840
6915
6990
7065
7140
7215
7290
7365
7440
7515
7590
7665
7740
7815
7890
7965
8040
8115
8190
8265
8340
8415
4950
5025
5100
5175
5250
5325
5400
5475
5550
5625
5700
5775
5850
5925
6000
6075
6150
6225
6300
6375
6450
6525
6600
6675
6750
6825
6900
6975
7350
7425
7500
7575
7650
7725
7800
7875
7950
8025
8100
8175
8250
8325
8400
8475
8550
8625
8700
8775
8850
8925
9000
9075
9150
9225
9300
9375
9750
9825
9900
9975
10050
10125
10200
10275
10350
10425
10500
10575
10650
10725
10800
10875
10950
11025
11100
11175
11250
11325
11400
11475
11550
11625
11700
11775
12150
12225
12300
12375
12450
12525
12600
12675
12750
12825
12900
12975
13050
13125
13200
13275
13350
13425
13500
13575
13650
13725
13800
13875
13950
14025
14100
14175
10710
10785
10860
10935
11010
11085
11160
11235
11310
11385
11460
11535
11610
11685
11760
11835
11910
11985
12060
12135
12210
12285
12360
12435
12510
12585
12660
12735
9270
9345
9420
9495
9570
9645
9720
9795
9870
9945
10020
10095
10170
10245
10320
10395
10470
10545
10620
10695
10770
10845
10920
10995
11070
11145
11220
11295
7830
7905
7980
8055
8130
8205
8280
8355
8430
8505
8580
8655
8730
8805
8880
8955
9030
9105
9180
9255
9330
9405
9480
9555
9630
9705
9780
9855
6390
6465
6540
6615
6690
6765
6840
6915
6990
7065
7140
7215
7290
7365
7440
7515
7590
7665
7740
7815
7890
7965
8040
8115
8190
8265
8340
8415
4950
5025
5100
5175
5250
5325
5400
5475
5550
5625
5700
5775
5850
5925
6000
6075
6150
6225
6300
6375
6450
6525
6600
6675
6750
6825
6900
6975
7350
7425
7500
7575
7650
7725
7800
7875
7950
8025
8100
8175
8250
8325
8400
8475
8550
8625
8700
8775
8850
8925
9000
9075
9150
9225
9300
9375
9750
9825
9900
9975
10050
10125
10200
10275
10350
10425
10500
10575
10650
10725
10800
10875
10950
11025
11100
11175
11250
11325
11400
11475
11550
11625
11700
11775
12150
12225
12300
12375
12450
12525
12600
12675
12750
12825
12900
12975
13050
13125
13200
13275
13350
13425
13500
13575
13650
13725
13800
13875
13950
14025
14100
14175
