28 28
330
335
340
345
350
355
360
365
370
375
380
385
390
395
400
405
410
415
420
425
430
435
440
445
450
455
460
465
490
495
500
505
510
515
520
525
530
535
540
545
550
555
560
565
570
575
580
585
590
595
600
605
610
615
620
625
650
655
660
665
670
675
680
685
690
695
700
705
710
715
720
725
730
735
740
745
750
755
760
765
770
775
780
785
810
815
820
825
830
835
840
845
850
855
860
865
870
875
880
885
890
895
900
905
910
915
920
925
930
935
940
945
714
719
724
729
734
739
744
749
754
759
764
769
774
779
784
789
794
799
804
809
814
819
824
829
834
839
844
849
618
623
628
633
638
643
648
653
658
663
668
673
678
683
688
693
698
703
708
713
718
723
728
733
738
743
748
753
522
527
532
537
542
547
552
557
562
567
572
577
582
587
592
597
602
607
612
617
622
627
632
637
642
647
652
657
426
431
436
441
446
451
456
461
466
471
476
481
486
491
496
501
506
511
516
521
526
531
536
541
546
551
556
561
330
335
340
345
350
355
360
365
370
375
380
385
390
395
400
405
410
415
420
425
430
435
440
445
450
455
460
465
490
495
500
505
510
515
520
525
530
535
540
545
550
555
560
565
570
575
580
585
590
595
600
605
610
615
620
625
650
655
660
665
670
675
680
685
690
695
700
705
710
715
720
725
730
735
740
745
750
755
760
765
770
775
780
785
810
815
820
825
830
835
840
845
850
855
860
865
870
875
880
885
890
895
900
905
910
915
920
925
930
935
940
945
714
719
724
729
734
739
744
749
754
759
764
769
774
779
784
789
794
799
804
809
814
819
824
829
834
839
844
849
618
623
628
633
638
643
648
653
658
663
668
673
678
683
688
693
698
703
708
713
718
723
728
733
738
743
748
753
522
527
532
537
542
547
552
557
562
567
572
577
582
587
592
597
602
607
612
617
622
627
632
637
642
647
652
657
426
431
436
441
446
451
456
461
466
471
476
481
486
491
496
501
506
511
516
521
526
531
536
541
546
551
556
561
330
335
340
345
350
355
360
365
370
375
380
385
390
395
400
405
410
415
420
425
430
435
440
445
450
455
460
465
490
495
500
505
510
515
520
525
530
535
540
545
550
555
560
565
570
575
580
585
590
595
600
605
610
615
620
625
650
655
660
665
670
675
680
685
690
695
700
705
710
715
720
725
730
735
740
745
750
755
760
765
770
775
780
785
810
815
820
825
830
835
840
845
850
855
860
865
870
875
880
885
890
895
900
905
910
915
920
925
930
935
940
945
714
719
724
729
734
739
744
749
754
759
764
769
774
779
784
789
794
799
804
809
814
819
824
829
834
839
844
849
618
623
628
633
638
643
648
653
658
663
668
673
678
683
688
693
698
703
708
713
718
723
728
733
738
743
748
753
522
527
532
537
542
547
552
557
562
567
572
577
582
587
592
597
602
607
612
617
622
627
632
637
642
647
652
657
426
431
436
441
446
451
456
461
466
471
476
481
486
491
496
501
506
511
516
521
526
531
536
541
546
551
556
561
330
335
340
345
350
355
360
365
370
375
380
385
390
395
400
405
410
415
420
425
430
435
440
445
450
455
460
465
490
495
500
505
510
515
520
525
530
535
540
545
550
555
560
565
570
575
580
585
590
595
600
605
610
615
620
625
650
655
660
665
670
675
680
685
690
695
700
705
710
715
720
725
730
735
740
745
750
755
760
765
770
775
780
785
810
815
820
825
830
835
840
845
850
855
860
865
870
875
880
885
890
895
900
905
910
915
920
925
930
935
940
945
